1.000000  1.000000  1.000000  0.000000  1.000000  0.000000  0.000000  0.000000  0.000000  0.000000  0.000000  0.000000  0.000000  0.000000  0.000000  21.000000  21.000000  21.000000  21.000000  21.000000  21.000000  21.000000  21.000000  21.000000  21.000000  21.000000  21.000000  21.000000  21.000000  21.000000  21.000000  21.000000  21.000000  21.000000  21.000000  21.000000  21.000000  21.000000  21.000000  21.000000  21.000000  11.000000  11.000000  11.000000  1.000000  1.000000  1.000000  1.000000  1.000000  1.000000  
1.000000  1.000000  1.000000  0.000000  0.000000  0.000000  0.000000  0.000000  0.000000  0.000000  0.000000  0.000000  0.000000  0.000000  0.000000  0.000000  21.000000  21.000000  21.000000  21.000000  21.000000  21.000000  21.000000  21.000000  21.000000  21.000000  21.000000  21.000000  21.000000  21.000000  21.000000  21.000000  21.000000  21.000000  21.000000  21.000000  21.000000  21.000000  21.000000  21.000000  21.000000  17.666667  11.000000  11.000000  1.000000  1.000000  1.000000  1.000000  1.000000  1.000000  
1.000000  1.000000  1.000000  1.000000  0.000000  0.000000  0.000000  0.000000  0.000000  0.000000  0.000000  0.000000  0.000000  0.000000  0.000000  21.000000  21.000000  21.000000  21.000000  21.000000  21.000000  21.000000  21.000000  21.000000  21.000000  21.000000  21.000000  21.000000  21.000000  21.000000  21.000000  21.000000  21.000000  21.000000  21.000000  21.000000  21.000000  21.000000  21.000000  21.000000  21.000000  21.000000  17.666667  11.000000  1.000000  1.000000  1.000000  1.000000  1.000000  1.000000  
1.000000  1.000000  1.000000  0.000000  0.000000  0.000000  0.000000  0.000000  0.000000  0.000000  0.000000  0.000000  0.000000  0.000000  0.000000  21.000000  21.000000  21.000000  21.000000  21.000000  21.000000  21.000000  21.000000  21.000000  21.000000  21.000000  21.000000  21.000000  21.000000  21.000000  21.000000  21.000000  21.000000  21.000000  21.000000  21.000000  21.000000  21.000000  21.000000  21.000000  21.000000  21.000000  21.000000  21.000000  1.000000  1.000000  1.000000  1.000000  1.000000  1.000000  
1.000000  1.000000  0.000000  0.000000  0.000000  0.000000  0.000000  0.000000  0.000000  0.000000  0.000000  0.000000  0.000000  0.000000  21.000000  21.000000  21.000000  21.000000  21.000000  21.000000  21.000000  21.000000  21.000000  21.000000  21.000000  21.000000  21.000000  21.000000  21.000000  21.000000  21.000000  21.000000  21.000000  21.000000  21.000000  21.000000  21.000000  21.000000  21.000000  21.000000  21.000000  21.000000  21.000000  21.000000  1.000000  1.000000  1.000000  1.000000  1.000000  0.000000  
0.000000  0.000000  0.000000  0.000000  0.000000  0.000000  0.000000  0.000000  0.000000  0.000000  0.000000  0.000000  0.000000  0.000000  21.000000  21.000000  21.000000  21.000000  21.000000  21.000000  21.000000  21.000000  21.000000  21.000000  21.000000  21.000000  21.000000  21.000000  21.000000  21.000000  21.000000  21.000000  21.000000  21.000000  21.000000  21.000000  21.000000  21.000000  21.000000  21.000000  21.000000  21.000000  21.000000  21.000000  11.000000  1.000000  1.000000  1.000000  1.000000  0.000000  
0.000000  0.000000  0.000000  0.000000  0.000000  0.000000  0.000000  0.000000  0.000000  0.000000  0.000000  0.000000  0.000000  0.000000  21.000000  21.000000  21.000000  21.000000  21.000000  21.000000  21.000000  21.000000  21.000000  21.000000  21.000000  21.000000  21.000000  21.000000  21.000000  21.000000  21.000000  21.000000  21.000000  21.000000  21.000000  21.000000  21.000000  21.000000  21.000000  21.000000  21.000000  21.000000  21.000000  21.000000  21.000000  11.000000  0.000000  1.000000  0.000000  0.000000  
0.000000  0.000000  0.000000  0.000000  0.000000  0.000000  0.000000  0.000000  0.000000  0.000000  0.000000  0.000000  0.000000  0.000000  0.000000  21.000000  21.000000  21.000000  21.000000  21.000000  21.000000  21.000000  21.000000  21.000000  21.000000  21.000000  21.000000  21.000000  21.000000  21.000000  21.000000  21.000000  21.000000  21.000000  21.000000  21.000000  21.000000  21.000000  21.000000  21.000000  21.000000  21.000000  21.000000  21.000000  21.000000  21.000000  21.000000  0.000000  0.000000  0.000000  
0.000000  0.000000  0.000000  0.000000  0.000000  0.000000  0.000000  0.000000  0.000000  0.000000  0.000000  0.000000  0.000000  0.000000  0.000000  21.000000  21.000000  21.000000  21.000000  21.000000  21.000000  21.000000  21.000000  21.000000  21.000000  21.000000  21.000000  21.000000  21.000000  21.000000  21.000000  21.000000  21.000000  21.000000  21.000000  21.000000  21.000000  21.000000  21.000000  21.000000  21.000000  21.000000  21.000000  21.000000  21.000000  21.000000  0.000000  0.000000  0.000000  0.000000  
0.000000  0.000000  0.000000  0.000000  0.000000  0.000000  0.000000  0.000000  0.000000  0.000000  0.000000  0.000000  0.000000  21.000000  21.000000  21.000000  21.000000  21.000000  21.000000  21.000000  21.000000  21.000000  21.000000  21.000000  21.000000  21.000000  21.000000  21.000000  21.000000  21.000000  21.000000  21.000000  21.000000  21.000000  21.000000  21.000000  21.000000  21.000000  21.000000  21.000000  21.000000  21.000000  21.000000  21.000000  21.000000  0.000000  0.000000  0.000000  0.000000  0.000000  
0.000000  0.000000  0.000000  0.000000  0.000000  0.000000  0.000000  0.000000  0.000000  0.000000  0.000000  0.000000  0.000000  0.000000  21.000000  21.000000  21.000000  21.000000  21.000000  21.000000  21.000000  21.000000  21.000000  21.000000  21.000000  21.000000  21.000000  21.000000  21.000000  21.000000  21.000000  21.000000  21.000000  21.000000  21.000000  21.000000  21.000000  21.000000  21.000000  21.000000  21.000000  21.000000  21.000000  0.000000  21.000000  0.000000  0.000000  0.000000  0.000000  0.000000  
0.000000  0.000000  0.000000  0.000000  0.000000  0.000000  0.000000  0.000000  0.000000  0.000000  0.000000  0.000000  0.000000  0.000000  0.000000  21.000000  21.000000  21.000000  21.000000  21.000000  21.000000  21.000000  21.000000  21.000000  21.000000  21.000000  21.000000  21.000000  21.000000  21.000000  21.000000  21.000000  21.000000  21.000000  21.000000  21.000000  21.000000  21.000000  21.000000  21.000000  21.000000  21.000000  0.000000  0.000000  0.000000  0.000000  0.000000  0.000000  0.000000  0.000000  
0.000000  0.000000  0.000000  0.000000  0.000000  0.000000  0.000000  0.000000  0.000000  0.000000  0.000000  0.000000  0.000000  0.000000  0.000000  21.000000  21.000000  21.000000  21.000000  21.000000  21.000000  21.000000  21.000000  21.000000  21.000000  21.000000  21.000000  21.000000  21.000000  21.000000  21.000000  21.000000  21.000000  21.000000  21.000000  21.000000  21.000000  21.000000  21.000000  21.000000  21.000000  21.000000  0.000000  0.000000  0.000000  0.000000  0.000000  0.000000  0.000000  0.000000  
0.000000  0.000000  0.000000  0.000000  0.000000  0.000000  0.000000  0.000000  0.000000  0.000000  0.000000  0.000000  0.000000  0.000000  0.000000  21.000000  21.000000  21.000000  21.000000  21.000000  21.000000  21.000000  21.000000  21.000000  21.000000  21.000000  21.000000  21.000000  21.000000  21.000000  21.000000  21.000000  21.000000  21.000000  21.000000  21.000000  21.000000  21.000000  21.000000  21.000000  21.000000  21.000000  0.000000  0.000000  0.000000  0.000000  0.000000  0.000000  0.000000  0.000000  
0.000000  0.000000  0.000000  0.000000  0.000000  0.000000  0.000000  0.000000  0.000000  0.000000  0.000000  0.000000  0.000000  0.000000  0.000000  21.000000  0.000000  21.000000  21.000000  21.000000  21.000000  21.000000  21.000000  21.000000  21.000000  21.000000  21.000000  21.000000  21.000000  21.000000  21.000000  21.000000  21.000000  21.000000  21.000000  21.000000  21.000000  21.000000  21.000000  21.000000  21.000000  0.000000  0.000000  0.000000  0.000000  0.000000  0.000000  0.000000  0.000000  0.000000  
0.000000  0.000000  0.000000  0.000000  0.000000  0.000000  0.000000  0.000000  0.000000  0.000000  0.000000  0.000000  0.000000  0.000000  0.000000  21.000000  21.000000  21.000000  21.000000  21.000000  21.000000  21.000000  21.000000  21.000000  21.000000  21.000000  21.000000  21.000000  21.000000  21.000000  21.000000  21.000000  21.000000  21.000000  21.000000  21.000000  21.000000  21.000000  21.000000  21.000000  21.000000  0.000000  0.000000  0.000000  0.000000  0.000000  0.000000  0.000000  0.000000  0.000000  
0.000000  0.000000  0.000000  0.000000  0.000000  0.000000  0.000000  0.000000  0.000000  0.000000  0.000000  0.000000  0.000000  0.000000  21.000000  21.000000  21.000000  21.000000  21.000000  21.000000  21.000000  21.000000  21.000000  21.000000  21.000000  21.000000  21.000000  21.000000  21.000000  21.000000  21.000000  21.000000  21.000000  21.000000  21.000000  21.000000  21.000000  21.000000  21.000000  21.000000  21.000000  21.000000  21.000000  0.000000  0.000000  0.000000  0.000000  0.000000  0.000000  0.000000  
0.000000  0.000000  0.000000  0.000000  0.000000  0.000000  0.000000  0.000000  0.000000  0.000000  0.000000  0.000000  0.000000  0.000000  0.000000  21.000000  21.000000  21.000000  21.000000  21.000000  21.000000  21.000000  21.000000  21.000000  21.000000  21.000000  21.000000  21.000000  21.000000  21.000000  21.000000  21.000000  21.000000  21.000000  21.000000  21.000000  21.000000  21.000000  21.000000  21.000000  21.000000  0.000000  0.000000  0.000000  0.000000  0.000000  0.000000  0.000000  0.000000  0.000000  
0.000000  0.000000  0.000000  0.000000  0.000000  0.000000  0.000000  0.000000  0.000000  0.000000  0.000000  0.000000  0.000000  0.000000  0.000000  0.000000  21.000000  21.000000  21.000000  21.000000  21.000000  21.000000  21.000000  21.000000  21.000000  21.000000  21.000000  21.000000  21.000000  21.000000  21.000000  21.000000  21.000000  21.000000  21.000000  21.000000  21.000000  21.000000  21.000000  21.000000  21.000000  0.000000  0.000000  0.000000  0.000000  0.000000  0.000000  0.000000  0.000000  0.000000  
0.000000  0.000000  0.000000  0.000000  0.000000  0.000000  0.000000  0.000000  0.000000  0.000000  0.000000  0.000000  0.000000  0.000000  0.000000  21.000000  21.000000  21.000000  21.000000  21.000000  21.000000  21.000000  21.000000  21.000000  21.000000  21.000000  21.000000  21.000000  21.000000  21.000000  21.000000  21.000000  21.000000  21.000000  21.000000  21.000000  21.000000  21.000000  21.000000  21.000000  21.000000  0.000000  0.000000  0.000000  0.000000  0.000000  0.000000  0.000000  0.000000  0.000000  
0.000000  0.000000  0.000000  0.000000  0.000000  0.000000  0.000000  0.000000  0.000000  0.000000  0.000000  0.000000  0.000000  0.000000  0.000000  0.000000  21.000000  21.000000  21.000000  21.000000  21.000000  21.000000  21.000000  21.000000  21.000000  21.000000  21.000000  21.000000  21.000000  21.000000  21.000000  21.000000  21.000000  21.000000  21.000000  21.000000  0.000000  21.000000  0.000000  0.000000  0.000000  0.000000  0.000000  0.000000  0.000000  0.000000  0.000000  0.000000  0.000000  0.000000  
0.000000  0.000000  0.000000  0.000000  0.000000  0.000000  0.000000  0.000000  0.000000  0.000000  0.000000  0.000000  0.000000  0.000000  0.000000  21.000000  21.000000  21.000000  21.000000  21.000000  21.000000  21.000000  21.000000  21.000000  21.000000  21.000000  21.000000  21.000000  21.000000  21.000000  21.000000  21.000000  21.000000  21.000000  21.000000  21.000000  21.000000  21.000000  0.000000  0.000000  0.000000  0.000000  0.000000  0.000000  0.000000  0.000000  0.000000  0.000000  0.000000  0.000000  
0.000000  0.000000  0.000000  0.000000  0.000000  0.000000  0.000000  0.000000  0.000000  0.000000  0.000000  0.000000  0.000000  0.000000  0.000000  21.000000  21.000000  21.000000  21.000000  21.000000  21.000000  21.000000  21.000000  21.000000  21.000000  21.000000  21.000000  21.000000  21.000000  21.000000  21.000000  21.000000  21.000000  21.000000  21.000000  21.000000  21.000000  0.000000  0.000000  0.000000  0.000000  0.000000  0.000000  0.000000  0.000000  0.000000  0.000000  0.000000  0.000000  0.000000  
0.000000  0.000000  0.000000  0.000000  0.000000  0.000000  0.000000  0.000000  0.000000  0.000000  0.000000  0.000000  0.000000  0.000000  0.000000  0.000000  21.000000  21.000000  21.000000  21.000000  21.000000  21.000000  21.000000  21.000000  21.000000  21.000000  21.000000  21.000000  21.000000  21.000000  21.000000  21.000000  21.000000  21.000000  21.000000  21.000000  21.000000  21.000000  0.000000  0.000000  0.000000  0.000000  0.000000  0.000000  0.000000  0.000000  0.000000  0.000000  0.000000  0.000000  
0.000000  0.000000  0.000000  0.000000  0.000000  0.000000  0.000000  0.000000  0.000000  0.000000  0.000000  0.000000  0.000000  0.000000  0.000000  21.000000  21.000000  0.000000  21.000000  21.000000  21.000000  21.000000  21.000000  21.000000  21.000000  21.000000  21.000000  21.000000  21.000000  21.000000  21.000000  21.000000  21.000000  21.000000  0.000000  21.000000  21.000000  21.000000  0.000000  0.000000  0.000000  0.000000  0.000000  0.000000  0.000000  0.000000  0.000000  0.000000  0.000000  0.000000  
0.000000  0.000000  0.000000  0.000000  0.000000  0.000000  0.000000  0.000000  0.000000  0.000000  0.000000  0.000000  0.000000  0.000000  0.000000  0.000000  21.000000  0.000000  0.000000  21.000000  21.000000  21.000000  21.000000  21.000000  21.000000  21.000000  21.000000  21.000000  21.000000  0.000000  21.000000  21.000000  21.000000  21.000000  21.000000  21.000000  21.000000  21.000000  0.000000  0.000000  0.000000  0.000000  0.000000  0.000000  0.000000  0.000000  0.000000  0.000000  0.000000  0.000000  
0.000000  0.000000  0.000000  0.000000  0.000000  0.000000  0.000000  0.000000  0.000000  0.000000  0.000000  0.000000  0.000000  0.000000  0.000000  0.000000  0.000000  0.000000  0.000000  21.000000  21.000000  21.000000  21.000000  21.000000  21.000000  21.000000  21.000000  21.000000  21.000000  0.000000  21.000000  21.000000  21.000000  21.000000  0.000000  21.000000  21.000000  0.000000  0.000000  0.000000  0.000000  0.000000  0.000000  0.000000  0.000000  0.000000  0.000000  0.000000  0.000000  0.000000  
0.000000  0.000000  0.000000  0.000000  0.000000  0.000000  0.000000  0.000000  0.000000  0.000000  0.000000  0.000000  0.000000  0.000000  0.000000  0.000000  0.000000  0.000000  0.000000  0.000000  21.000000  21.000000  21.000000  21.000000  21.000000  21.000000  21.000000  0.000000  21.000000  0.000000  21.000000  21.000000  21.000000  0.000000  0.000000  0.000000  0.000000  0.000000  0.000000  0.000000  0.000000  0.000000  0.000000  0.000000  0.000000  0.000000  0.000000  0.000000  0.000000  0.000000  
0.000000  0.000000  0.000000  0.000000  0.000000  0.000000  0.000000  11.000000  0.000000  0.000000  0.000000  0.000000  0.000000  0.000000  0.000000  0.000000  0.000000  0.000000  0.000000  0.000000  0.000000  0.000000  0.000000  0.000000  0.000000  0.000000  0.000000  0.000000  0.000000  0.000000  0.000000  0.000000  0.000000  0.000000  0.000000  0.000000  0.000000  0.000000  0.000000  0.000000  0.000000  0.000000  0.000000  0.000000  0.000000  0.000000  0.000000  0.000000  0.000000  0.000000  
0.000000  0.000000  0.000000  0.000000  0.000000  11.000000  11.000000  11.000000  0.000000  0.000000  0.000000  0.000000  0.000000  0.000000  0.000000  0.000000  0.000000  11.000000  11.000000  0.000000  0.000000  0.000000  0.000000  0.000000  0.000000  0.000000  0.000000  0.000000  0.000000  0.000000  0.000000  0.000000  0.000000  0.000000  0.000000  0.000000  0.000000  0.000000  0.000000  0.000000  0.000000  0.000000  0.000000  0.000000  0.000000  0.000000  0.000000  0.000000  0.000000  0.000000  
0.000000  0.000000  0.000000  11.000000  11.000000  11.000000  11.000000  11.000000  11.000000  0.000000  0.000000  0.000000  0.000000  0.000000  0.000000  11.000000  11.000000  11.000000  11.000000  11.000000  11.000000  11.000000  11.000000  0.000000  0.000000  0.000000  0.000000  0.000000  0.000000  0.000000  0.000000  0.000000  0.000000  0.000000  0.000000  0.000000  0.000000  0.000000  0.000000  0.000000  0.000000  0.000000  0.000000  0.000000  0.000000  0.000000  0.000000  0.000000  0.000000  0.000000  
0.000000  0.000000  11.000000  11.000000  11.000000  11.000000  11.000000  11.000000  11.000000  11.000000  11.000000  11.000000  11.000000  11.000000  11.000000  11.000000  11.000000  11.000000  11.000000  11.000000  11.000000  11.000000  0.000000  0.000000  0.000000  0.000000  0.000000  0.000000  0.000000  0.000000  0.000000  0.000000  0.000000  0.000000  0.000000  0.000000  0.000000  0.000000  0.000000  0.000000  0.000000  0.000000  0.000000  0.000000  0.000000  0.000000  0.000000  0.000000  0.000000  0.000000  
0.000000  0.000000  0.000000  11.000000  11.000000  11.000000  11.000000  11.000000  11.000000  11.000000  11.000000  11.000000  11.000000  11.000000  11.000000  11.000000  11.000000  11.000000  11.000000  11.000000  11.000000  11.000000  11.000000  11.000000  11.000000  0.000000  0.000000  0.000000  0.000000  0.000000  0.000000  0.000000  0.000000  0.000000  0.000000  0.000000  0.000000  0.000000  0.000000  0.000000  0.000000  0.000000  0.000000  0.000000  0.000000  0.000000  0.000000  0.000000  0.000000  0.000000  
0.000000  11.000000  11.000000  11.000000  11.000000  11.000000  11.000000  11.000000  11.000000  11.000000  11.000000  11.000000  11.000000  11.000000  11.000000  11.000000  11.000000  11.000000  11.000000  11.000000  11.000000  11.000000  11.000000  11.000000  11.000000  11.000000  0.000000  0.000000  0.000000  0.000000  0.000000  0.000000  0.000000  0.000000  0.000000  0.000000  0.000000  0.000000  0.000000  0.000000  0.000000  0.000000  0.000000  0.000000  0.000000  0.000000  0.000000  0.000000  0.000000  0.000000  
0.000000  11.000000  11.000000  11.000000  11.000000  11.000000  11.000000  11.000000  11.000000  11.000000  11.000000  11.000000  11.000000  11.000000  11.000000  11.000000  11.000000  11.000000  11.000000  11.000000  11.000000  11.000000  11.000000  11.000000  11.000000  11.000000  0.000000  0.000000  0.000000  0.000000  0.000000  0.000000  0.000000  0.000000  0.000000  0.000000  0.000000  0.000000  0.000000  0.000000  0.000000  0.000000  0.000000  0.000000  0.000000  0.000000  0.000000  0.000000  0.000000  0.000000  
0.000000  11.000000  11.000000  11.000000  11.000000  11.000000  11.000000  11.000000  11.000000  11.000000  11.000000  11.000000  11.000000  11.000000  11.000000  11.000000  11.000000  11.000000  11.000000  11.000000  11.000000  11.000000  11.000000  11.000000  11.000000  11.000000  11.000000  0.000000  0.000000  0.000000  0.000000  0.000000  0.000000  0.000000  0.000000  0.000000  0.000000  0.000000  0.000000  0.000000  0.000000  0.000000  0.000000  0.000000  0.000000  0.000000  0.000000  0.000000  0.000000  0.000000  
11.000000  11.000000  11.000000  11.000000  11.000000  11.000000  11.000000  11.000000  11.000000  11.000000  11.000000  11.000000  11.000000  11.000000  11.000000  11.000000  11.000000  11.000000  11.000000  11.000000  11.000000  11.000000  11.000000  11.000000  11.000000  0.000000  11.000000  0.000000  0.000000  0.000000  0.000000  0.000000  0.000000  0.000000  0.000000  0.000000  0.000000  0.000000  0.000000  0.000000  0.000000  0.000000  0.000000  0.000000  0.000000  0.000000  0.000000  11.000000  11.000000  11.000000  
11.000000  11.000000  11.000000  11.000000  11.000000  11.000000  11.000000  11.000000  11.000000  11.000000  11.000000  11.000000  11.000000  11.000000  11.000000  11.000000  11.000000  11.000000  11.000000  11.000000  11.000000  11.000000  11.000000  11.000000  11.000000  11.000000  11.000000  0.000000  0.000000  0.000000  0.000000  0.000000  0.000000  0.000000  0.000000  0.000000  0.000000  0.000000  0.000000  0.000000  0.000000  0.000000  0.000000  0.000000  0.000000  0.000000  0.000000  11.000000  11.000000  11.000000  
11.000000  11.000000  11.000000  11.000000  11.000000  11.000000  11.000000  11.000000  11.000000  11.000000  11.000000  11.000000  11.000000  11.000000  11.000000  11.000000  11.000000  11.000000  11.000000  11.000000  11.000000  11.000000  11.000000  11.000000  11.000000  11.000000  11.000000  0.000000  0.000000  0.000000  0.000000  0.000000  0.000000  0.000000  0.000000  0.000000  0.000000  0.000000  0.000000  0.000000  0.000000  0.000000  0.000000  0.000000  0.000000  0.000000  0.000000  11.000000  11.000000  11.000000  
11.000000  11.000000  11.000000  11.000000  11.000000  11.000000  11.000000  11.000000  11.000000  11.000000  11.000000  11.000000  11.000000  11.000000  11.000000  11.000000  11.000000  11.000000  11.000000  11.000000  11.000000  11.000000  11.000000  11.000000  11.000000  11.000000  11.000000  0.000000  0.000000  0.000000  0.000000  0.000000  0.000000  0.000000  0.000000  0.000000  0.000000  0.000000  0.000000  0.000000  0.000000  0.000000  0.000000  0.000000  0.000000  0.000000  11.000000  11.000000  11.000000  11.000000  
11.000000  11.000000  11.000000  11.000000  11.000000  11.000000  11.000000  11.000000  11.000000  11.000000  11.000000  11.000000  11.000000  11.000000  11.000000  11.000000  11.000000  11.000000  11.000000  11.000000  11.000000  11.000000  11.000000  11.000000  11.000000  11.000000  11.000000  11.000000  11.000000  0.000000  0.000000  0.000000  0.000000  0.000000  0.000000  0.000000  0.000000  0.000000  0.000000  0.000000  0.000000  0.000000  0.000000  0.000000  0.000000  11.000000  11.000000  11.000000  11.000000  11.000000  
11.000000  11.000000  11.000000  11.000000  11.000000  11.000000  11.000000  11.000000  11.000000  11.000000  11.000000  11.000000  11.000000  11.000000  11.000000  11.000000  11.000000  11.000000  11.000000  11.000000  11.000000  11.000000  11.000000  11.000000  11.000000  11.000000  11.000000  11.000000  11.000000  11.000000  0.000000  0.000000  0.000000  0.000000  0.000000  0.000000  0.000000  0.000000  0.000000  0.000000  0.000000  0.000000  11.000000  11.000000  11.000000  11.000000  11.000000  11.000000  11.000000  11.000000  
11.000000  11.000000  11.000000  11.000000  11.000000  11.000000  11.000000  11.000000  11.000000  11.000000  11.000000  11.000000  11.000000  11.000000  11.000000  11.000000  11.000000  11.000000  11.000000  11.000000  11.000000  11.000000  11.000000  11.000000  11.000000  11.000000  11.000000  11.000000  11.000000  11.000000  11.000000  0.000000  0.000000  0.000000  0.000000  0.000000  0.000000  0.000000  0.000000  0.000000  0.000000  0.000000  11.000000  11.000000  11.000000  11.000000  11.000000  11.000000  11.000000  11.000000  
11.000000  11.000000  11.000000  11.000000  11.000000  11.000000  11.000000  11.000000  11.000000  11.000000  11.000000  11.000000  11.000000  11.000000  11.000000  11.000000  11.000000  11.000000  11.000000  11.000000  11.000000  11.000000  11.000000  11.000000  11.000000  11.000000  11.000000  11.000000  11.000000  11.000000  0.000000  0.000000  0.000000  0.000000  0.000000  0.000000  0.000000  0.000000  0.000000  0.000000  0.000000  0.000000  11.000000  11.000000  11.000000  11.000000  11.000000  11.000000  11.000000  11.000000  
11.000000  11.000000  11.000000  11.000000  11.000000  11.000000  11.000000  11.000000  11.000000  11.000000  11.000000  11.000000  11.000000  11.000000  11.000000  11.000000  11.000000  11.000000  11.000000  11.000000  11.000000  11.000000  11.000000  11.000000  11.000000  11.000000  11.000000  11.000000  11.000000  11.000000  0.000000  0.000000  0.000000  0.000000  0.000000  0.000000  0.000000  0.000000  0.000000  0.000000  11.000000  11.000000  11.000000  11.000000  11.000000  11.000000  11.000000  11.000000  11.000000  11.000000  
11.000000  11.000000  11.000000  11.000000  11.000000  11.000000  11.000000  11.000000  11.000000  11.000000  11.000000  11.000000  11.000000  11.000000  11.000000  11.000000  11.000000  11.000000  11.000000  11.000000  11.000000  11.000000  11.000000  11.000000  11.000000  11.000000  11.000000  11.000000  11.000000  0.000000  0.000000  0.000000  0.000000  0.000000  0.000000  0.000000  0.000000  0.000000  0.000000  0.000000  11.000000  11.000000  11.000000  11.000000  11.000000  11.000000  11.000000  11.000000  11.000000  11.000000  
11.000000  11.000000  11.000000  11.000000  11.000000  11.000000  11.000000  11.000000  11.000000  11.000000  11.000000  11.000000  11.000000  11.000000  11.000000  11.000000  11.000000  11.000000  11.000000  11.000000  11.000000  11.000000  11.000000  11.000000  11.000000  11.000000  11.000000  11.000000  11.000000  11.000000  11.000000  0.000000  0.000000  0.000000  0.000000  0.000000  0.000000  0.000000  0.000000  0.000000  11.000000  11.000000  11.000000  11.000000  11.000000  11.000000  11.000000  11.000000  11.000000  11.000000  
11.000000  11.000000  11.000000  11.000000  11.000000  11.000000  11.000000  11.000000  11.000000  11.000000  11.000000  11.000000  11.000000  11.000000  11.000000  11.000000  11.000000  11.000000  11.000000  11.000000  11.000000  11.000000  11.000000  11.000000  11.000000  11.000000  11.000000  11.000000  11.000000  0.000000  0.000000  0.000000  0.000000  0.000000  0.000000  0.000000  0.000000  0.000000  0.000000  0.000000  11.000000  11.000000  11.000000  11.000000  11.000000  11.000000  11.000000  11.000000  11.000000  11.000000  
11.000000  11.000000  11.000000  11.000000  11.000000  11.000000  11.000000  11.000000  11.000000  11.000000  11.000000  11.000000  11.000000  11.000000  11.000000  11.000000  11.000000  11.000000  11.000000  11.000000  11.000000  11.000000  11.000000  11.000000  11.000000  11.000000  11.000000  11.000000  0.000000  0.000000  0.000000  0.000000  0.000000  0.000000  0.000000  0.000000  0.000000  0.000000  0.000000  0.000000  0.000000  11.000000  11.000000  11.000000  11.000000  11.000000  11.000000  11.000000  11.000000  11.000000  
11.000000  11.000000  11.000000  11.000000  11.000000  11.000000  11.000000  11.000000  11.000000  11.000000  11.000000  11.000000  11.000000  11.000000  11.000000  11.000000  11.000000  11.000000  11.000000  11.000000  11.000000  11.000000  11.000000  11.000000  11.000000  11.000000  11.000000  11.000000  11.000000  11.000000  0.000000  0.000000  0.000000  0.000000  0.000000  0.000000  0.000000  0.000000  0.000000  0.000000  0.000000  0.000000  0.000000  11.000000  11.000000  0.000000  11.000000  11.000000  11.000000  11.000000  
11.000000  11.000000  11.000000  11.000000  11.000000  11.000000  11.000000  11.000000  11.000000  11.000000  11.000000  11.000000  11.000000  11.000000  11.000000  11.000000  11.000000  11.000000  11.000000  11.000000  11.000000  11.000000  11.000000  11.000000  11.000000  11.000000  0.000000  0.000000  11.000000  0.000000  0.000000  0.000000  0.000000  0.000000  0.000000  0.000000  0.000000  0.000000  0.000000  0.000000  0.000000  0.000000  0.000000  0.000000  11.000000  0.000000  11.000000  11.000000  11.000000  11.000000  
11.000000  11.000000  11.000000  11.000000  11.000000  11.000000  11.000000  11.000000  11.000000  11.000000  11.000000  11.000000  11.000000  11.000000  11.000000  11.000000  11.000000  11.000000  11.000000  11.000000  11.000000  11.000000  11.000000  11.000000  11.000000  11.000000  11.000000  11.000000  11.000000  0.000000  0.000000  0.000000  0.000000  0.000000  0.000000  0.000000  0.000000  0.000000  0.000000  0.000000  0.000000  0.000000  0.000000  0.000000  11.000000  0.000000  0.000000  11.000000  11.000000  11.000000  
11.000000  11.000000  11.000000  11.000000  11.000000  11.000000  11.000000  11.000000  11.000000  11.000000  11.000000  11.000000  11.000000  11.000000  11.000000  11.000000  11.000000  11.000000  11.000000  11.000000  11.000000  11.000000  11.000000  11.000000  11.000000  11.000000  11.000000  11.000000  11.000000  0.000000  0.000000  0.000000  0.000000  0.000000  0.000000  0.000000  0.000000  0.000000  0.000000  0.000000  0.000000  0.000000  0.000000  0.000000  0.000000  0.000000  0.000000  11.000000  11.000000  11.000000  
11.000000  11.000000  11.000000  11.000000  11.000000  11.000000  11.000000  11.000000  11.000000  11.000000  11.000000  11.000000  11.000000  11.000000  11.000000  11.000000  11.000000  11.000000  11.000000  11.000000  11.000000  11.000000  11.000000  11.000000  11.000000  11.000000  11.000000  0.000000  11.000000  0.000000  0.000000  0.000000  0.000000  0.000000  0.000000  0.000000  0.000000  0.000000  0.000000  0.000000  0.000000  0.000000  0.000000  0.000000  0.000000  0.000000  0.000000  11.000000  11.000000  11.000000  
11.000000  11.000000  11.000000  11.000000  11.000000  11.000000  11.000000  11.000000  11.000000  11.000000  11.000000  11.000000  11.000000  11.000000  11.000000  11.000000  11.000000  11.000000  11.000000  11.000000  11.000000  11.000000  11.000000  11.000000  11.000000  11.000000  11.000000  11.000000  0.000000  0.000000  0.000000  0.000000  0.000000  0.000000  0.000000  0.000000  0.000000  0.000000  0.000000  0.000000  0.000000  0.000000  0.000000  0.000000  0.000000  0.000000  0.000000  0.000000  11.000000  11.000000  
11.000000  11.000000  11.000000  11.000000  11.000000  11.000000  11.000000  11.000000  11.000000  11.000000  11.000000  11.000000  11.000000  11.000000  11.000000  11.000000  11.000000  11.000000  11.000000  11.000000  11.000000  11.000000  11.000000  11.000000  11.000000  11.000000  0.000000  11.000000  0.000000  0.000000  0.000000  0.000000  0.000000  0.000000  0.000000  0.000000  0.000000  0.000000  0.000000  0.000000  0.000000  0.000000  0.000000  0.000000  0.000000  0.000000  0.000000  0.000000  11.000000  0.000000  
11.000000  11.000000  11.000000  11.000000  11.000000  11.000000  11.000000  11.000000  11.000000  11.000000  11.000000  11.000000  11.000000  11.000000  11.000000  11.000000  11.000000  11.000000  11.000000  11.000000  11.000000  11.000000  11.000000  11.000000  11.000000  11.000000  11.000000  11.000000  0.000000  0.000000  0.000000  0.000000  0.000000  0.000000  0.000000  0.000000  0.000000  0.000000  0.000000  0.000000  0.000000  0.000000  0.000000  0.000000  0.000000  0.000000  0.000000  0.000000  0.000000  11.000000  
11.000000  11.000000  11.000000  11.000000  11.000000  11.000000  11.000000  11.000000  11.000000  11.000000  11.000000  11.000000  11.000000  11.000000  11.000000  11.000000  11.000000  11.000000  11.000000  11.000000  11.000000  11.000000  11.000000  11.000000  11.000000  11.000000  11.000000  0.000000  0.000000  0.000000  0.000000  0.000000  0.000000  63.000000  0.000000  0.000000  0.000000  0.000000  0.000000  0.000000  0.000000  0.000000  0.000000  0.000000  0.000000  0.000000  0.000000  0.000000  0.000000  0.000000  
0.000000  11.000000  11.000000  11.000000  11.000000  11.000000  11.000000  11.000000  11.000000  11.000000  11.000000  11.000000  11.000000  11.000000  11.000000  11.000000  11.000000  11.000000  11.000000  11.000000  11.000000  11.000000  11.000000  11.000000  11.000000  11.000000  11.000000  0.000000  0.000000  0.000000  0.000000  0.000000  63.000000  63.000000  0.000000  63.000000  0.000000  0.000000  0.000000  0.000000  0.000000  0.000000  0.000000  0.000000  0.000000  0.000000  0.000000  0.000000  0.000000  0.000000  
0.000000  0.000000  11.000000  11.000000  11.000000  11.000000  11.000000  11.000000  11.000000  11.000000  11.000000  11.000000  11.000000  11.000000  11.000000  11.000000  11.000000  11.000000  11.000000  11.000000  11.000000  11.000000  11.000000  11.000000  11.000000  11.000000  11.000000  11.000000  11.000000  0.000000  0.000000  63.000000  63.000000  63.000000  63.000000  63.000000  0.000000  0.000000  0.000000  0.000000  0.000000  0.000000  0.000000  32.000000  32.000000  0.000000  0.000000  0.000000  0.000000  0.000000  
32.000000  0.000000  11.000000  11.000000  11.000000  11.000000  11.000000  11.000000  11.000000  11.000000  11.000000  11.000000  11.000000  11.000000  11.000000  11.000000  11.000000  11.000000  11.000000  11.000000  11.000000  11.000000  11.000000  11.000000  11.000000  19.666667  37.000000  63.000000  63.000000  0.000000  63.000000  63.000000  63.000000  63.000000  63.000000  63.000000  47.500000  0.000000  32.000000  32.000000  32.000000  32.000000  0.000000  32.000000  32.000000  32.000000  32.000000  32.000000  32.000000  0.000000  
32.000000  32.000000  11.000000  11.000000  11.000000  11.000000  11.000000  11.000000  11.000000  11.000000  11.000000  11.000000  11.000000  11.000000  11.000000  11.000000  11.000000  11.000000  11.000000  11.000000  11.000000  11.000000  11.000000  11.000000  11.000000  0.000000  0.000000  63.000000  63.000000  63.000000  63.000000  63.000000  63.000000  63.000000  63.000000  32.000000  32.000000  32.000000  32.000000  32.000000  32.000000  32.000000  32.000000  32.000000  32.000000  32.000000  32.000000  32.000000  32.000000  32.000000  
32.000000  32.000000  11.000000  11.000000  11.000000  11.000000  11.000000  11.000000  11.000000  11.000000  11.000000  11.000000  11.000000  11.000000  11.000000  11.000000  11.000000  11.000000  11.000000  11.000000  11.000000  11.000000  0.000000  11.000000  63.000000  63.000000  63.000000  63.000000  63.000000  63.000000  63.000000  63.000000  57.187500  63.000000  32.000000  32.000000  32.000000  32.000000  32.000000  32.000000  32.000000  32.000000  32.000000  32.000000  32.000000  32.000000  32.000000  32.000000  32.000000  32.000000  
32.000000  32.000000  32.000000  32.000000  21.500000  16.250000  11.000000  11.000000  11.000000  11.000000  11.000000  11.000000  11.000000  11.000000  11.000000  11.000000  11.000000  11.000000  11.000000  11.000000  11.000000  0.000000  0.000000  0.000000  63.000000  63.000000  63.000000  63.000000  63.000000  63.000000  63.000000  63.000000  39.750000  39.750000  34.583333  32.000000  32.000000  32.000000  32.000000  32.000000  32.000000  32.000000  32.000000  32.000000  32.000000  32.000000  32.000000  32.000000  32.000000  32.000000  
32.000000  32.000000  32.000000  32.000000  32.000000  32.000000  21.500000  11.000000  11.000000  11.000000  11.000000  11.000000  11.000000  11.000000  11.000000  11.000000  11.000000  11.000000  0.000000  0.000000  11.000000  0.000000  63.000000  0.000000  63.000000  63.000000  63.000000  63.000000  63.000000  63.000000  63.000000  63.000000  39.750000  32.000000  32.000000  32.000000  32.000000  32.000000  32.000000  32.000000  32.000000  32.000000  32.000000  32.000000  32.000000  32.000000  32.000000  32.000000  32.000000  32.000000  
32.000000  32.000000  32.000000  32.000000  32.000000  32.000000  0.000000  11.000000  11.000000  11.000000  11.000000  11.000000  11.000000  11.000000  11.000000  11.000000  63.000000  11.000000  37.000000  54.333333  63.000000  63.000000  63.000000  63.000000  63.000000  63.000000  63.000000  63.000000  63.000000  63.000000  63.000000  63.000000  47.500000  32.000000  32.000000  32.000000  32.000000  32.000000  32.000000  32.000000  32.000000  32.000000  32.000000  32.000000  32.000000  32.000000  32.000000  32.000000  32.000000  32.000000  
32.000000  32.000000  32.000000  32.000000  32.000000  32.000000  0.000000  11.000000  11.000000  11.000000  11.000000  11.000000  11.000000  11.000000  37.000000  63.000000  63.000000  63.000000  63.000000  63.000000  63.000000  63.000000  63.000000  63.000000  63.000000  63.000000  63.000000  63.000000  63.000000  63.000000  47.500000  32.000000  32.000000  32.000000  32.000000  32.000000  32.000000  32.000000  32.000000  32.000000  32.000000  32.000000  32.000000  32.000000  32.000000  32.000000  32.000000  32.000000  32.000000  32.000000  
32.000000  32.000000  32.000000  32.000000  32.000000  32.000000  32.000000  21.500000  11.000000  11.000000  11.000000  11.000000  11.000000  11.000000  37.000000  63.000000  63.000000  63.000000  63.000000  63.000000  63.000000  63.000000  63.000000  63.000000  63.000000  63.000000  63.000000  63.000000  63.000000  63.000000  63.000000  47.500000  39.750000  32.000000  32.000000  32.000000  32.000000  32.000000  32.000000  32.000000  32.000000  32.000000  32.000000  32.000000  32.000000  32.000000  32.000000  32.000000  32.000000  32.000000  
32.000000  32.000000  32.000000  32.000000  32.000000  32.000000  32.000000  32.000000  18.000000  11.000000  11.000000  11.000000  11.000000  11.000000  37.000000  63.000000  63.000000  63.000000  63.000000  63.000000  63.000000  63.000000  63.000000  63.000000  63.000000  63.000000  63.000000  63.000000  63.000000  63.000000  63.000000  32.000000  32.000000  32.000000  32.000000  32.000000  32.000000  32.000000  32.000000  32.000000  32.000000  32.000000  32.000000  32.000000  32.000000  32.000000  32.000000  32.000000  32.000000  32.000000  
32.000000  32.000000  32.000000  32.000000  0.000000  32.000000  32.000000  32.000000  32.000000  11.000000  11.000000  11.000000  11.000000  11.000000  37.000000  63.000000  63.000000  63.000000  63.000000  63.000000  63.000000  63.000000  63.000000  63.000000  63.000000  63.000000  63.000000  63.000000  63.000000  57.833333  47.500000  32.000000  32.000000  32.000000  32.000000  32.000000  32.000000  32.000000  32.000000  32.000000  32.000000  32.000000  32.000000  32.000000  32.000000  32.000000  32.000000  32.000000  32.000000  32.000000  
32.000000  32.000000  32.000000  32.000000  32.000000  32.000000  32.000000  32.000000  32.000000  0.000000  11.000000  0.000000  0.000000  0.000000  63.000000  63.000000  63.000000  63.000000  63.000000  63.000000  63.000000  63.000000  63.000000  63.000000  63.000000  63.000000  63.000000  63.000000  63.000000  63.000000  63.000000  32.000000  32.000000  32.000000  32.000000  32.000000  32.000000  32.000000  32.000000  32.000000  32.000000  32.000000  32.000000  32.000000  32.000000  32.000000  32.000000  32.000000  32.000000  32.000000  
32.000000  32.000000  32.000000  32.000000  32.000000  32.000000  32.000000  32.000000  32.000000  0.000000  11.000000  0.000000  0.000000  63.000000  63.000000  63.000000  63.000000  63.000000  63.000000  63.000000  63.000000  63.000000  63.000000  63.000000  63.000000  63.000000  63.000000  63.000000  63.000000  63.000000  63.000000  32.000000  32.000000  32.000000  32.000000  32.000000  32.000000  32.000000  32.000000  32.000000  32.000000  32.000000  32.000000  32.000000  32.000000  32.000000  32.000000  32.000000  32.000000  32.000000  
32.000000  32.000000  32.000000  32.000000  32.000000  32.000000  32.000000  0.000000  0.000000  0.000000  0.000000  0.000000  63.000000  63.000000  63.000000  63.000000  63.000000  63.000000  63.000000  63.000000  63.000000  63.000000  63.000000  63.000000  63.000000  63.000000  63.000000  63.000000  63.000000  63.000000  63.000000  32.000000  32.000000  32.000000  32.000000  32.000000  32.000000  32.000000  32.000000  32.000000  32.000000  32.000000  32.000000  32.000000  32.000000  32.000000  32.000000  32.000000  32.000000  32.000000  
32.000000  32.000000  32.000000  32.000000  32.000000  32.000000  0.000000  0.000000  0.000000  0.000000  63.000000  63.000000  63.000000  63.000000  63.000000  63.000000  63.000000  63.000000  63.000000  63.000000  63.000000  63.000000  63.000000  63.000000  63.000000  63.000000  63.000000  63.000000  63.000000  63.000000  63.000000  32.000000  32.000000  32.000000  32.000000  32.000000  32.000000  32.000000  32.000000  32.000000  32.000000  32.000000  32.000000  32.000000  32.000000  32.000000  32.000000  32.000000  32.000000  32.000000  
32.000000  32.000000  32.000000  32.000000  32.000000  32.000000  32.000000  32.000000  0.000000  63.000000  63.000000  63.000000  63.000000  63.000000  63.000000  63.000000  63.000000  63.000000  63.000000  63.000000  63.000000  63.000000  63.000000  63.000000  63.000000  63.000000  63.000000  63.000000  63.000000  63.000000  63.000000  47.500000  32.000000  32.000000  32.000000  32.000000  32.000000  32.000000  32.000000  32.000000  32.000000  32.000000  32.000000  32.000000  32.000000  32.000000  32.000000  32.000000  32.000000  32.000000  
32.000000  32.000000  32.000000  32.000000  32.000000  32.000000  0.000000  0.000000  63.000000  63.000000  63.000000  63.000000  63.000000  63.000000  63.000000  63.000000  63.000000  63.000000  63.000000  63.000000  63.000000  63.000000  63.000000  63.000000  63.000000  63.000000  63.000000  63.000000  63.000000  63.000000  63.000000  47.500000  32.000000  32.000000  32.000000  32.000000  32.000000  32.000000  32.000000  32.000000  32.000000  32.000000  32.000000  32.000000  32.000000  32.000000  32.000000  32.000000  32.000000  32.000000  
32.000000  32.000000  32.000000  32.000000  32.000000  32.000000  32.000000  63.000000  63.000000  63.000000  63.000000  63.000000  63.000000  63.000000  63.000000  63.000000  63.000000  63.000000  63.000000  63.000000  63.000000  63.000000  63.000000  63.000000  63.000000  63.000000  63.000000  63.000000  63.000000  63.000000  63.000000  55.250000  32.000000  32.000000  32.000000  32.000000  32.000000  32.000000  32.000000  32.000000  32.000000  32.000000  32.000000  32.000000  32.000000  32.000000  32.000000  32.000000  32.000000  32.000000  
32.000000  32.000000  32.000000  32.000000  32.000000  32.000000  32.000000  63.000000  63.000000  63.000000  63.000000  63.000000  63.000000  63.000000  63.000000  63.000000  63.000000  63.000000  63.000000  63.000000  63.000000  63.000000  63.000000  63.000000  63.000000  63.000000  63.000000  63.000000  63.000000  63.000000  63.000000  55.250000  32.000000  32.000000  32.000000  32.000000  32.000000  32.000000  32.000000  32.000000  32.000000  32.000000  32.000000  32.000000  32.000000  32.000000  32.000000  32.000000  32.000000  32.000000  
32.000000  32.000000  32.000000  32.000000  32.000000  32.000000  32.000000  63.000000  0.000000  63.000000  63.000000  63.000000  63.000000  63.000000  63.000000  63.000000  63.000000  63.000000  63.000000  63.000000  63.000000  63.000000  63.000000  63.000000  63.000000  63.000000  63.000000  63.000000  63.000000  63.000000  63.000000  50.083333  32.000000  32.000000  32.000000  30.708333  32.000000  32.000000  32.000000  32.000000  32.000000  32.000000  32.000000  32.000000  32.000000  32.000000  32.000000  32.000000  32.000000  32.000000  
32.000000  32.000000  32.000000  32.000000  0.000000  32.000000  0.000000  0.000000  0.000000  0.000000  63.000000  63.000000  63.000000  63.000000  63.000000  63.000000  63.000000  63.000000  63.000000  63.000000  63.000000  63.000000  63.000000  63.000000  63.000000  63.000000  63.000000  63.000000  63.000000  63.000000  63.000000  32.000000  32.000000  32.000000  32.000000  26.833333  32.000000  32.000000  32.000000  32.000000  1.000000  1.000000  1.000000  32.000000  32.000000  32.000000  32.000000  32.000000  32.000000  32.000000  
32.000000  32.000000  32.000000  32.000000  0.000000  0.000000  0.000000  0.000000  0.000000  63.000000  63.000000  63.000000  63.000000  63.000000  63.000000  63.000000  63.000000  63.000000  63.000000  63.000000  63.000000  63.000000  63.000000  63.000000  63.000000  63.000000  63.000000  63.000000  63.000000  63.000000  63.000000  32.000000  32.000000  32.000000  32.000000  16.500000  16.500000  1.000000  1.000000  1.000000  1.000000  1.000000  1.000000  1.000000  32.000000  32.000000  32.000000  32.000000  32.000000  32.000000  
20.375000  20.375000  20.375000  20.375000  0.000000  0.000000  0.000000  0.000000  0.000000  0.000000  63.000000  63.000000  63.000000  63.000000  63.000000  63.000000  63.000000  63.000000  63.000000  63.000000  63.000000  63.000000  63.000000  63.000000  63.000000  63.000000  63.000000  63.000000  63.000000  63.000000  52.666667  32.000000  32.000000  32.000000  26.833333  16.500000  11.333333  1.000000  1.000000  1.000000  1.000000  1.000000  1.000000  1.000000  1.000000  1.000000  32.000000  16.500000  8.750000  8.750000  
20.375000  20.375000  20.375000  20.375000  20.375000  0.000000  0.000000  0.000000  0.000000  0.000000  63.000000  0.000000  0.000000  63.000000  63.000000  63.000000  63.000000  63.000000  63.000000  63.000000  63.000000  63.000000  63.000000  63.000000  63.000000  63.000000  63.000000  63.000000  63.000000  63.000000  63.000000  32.000000  32.000000  32.000000  26.833333  16.500000  13.916667  1.000000  1.000000  1.000000  1.000000  1.000000  1.000000  1.000000  1.000000  1.000000  1.000000  1.000000  1.000000  1.000000  
20.375000  20.375000  20.375000  20.375000  0.000000  0.000000  0.000000  0.000000  0.000000  0.000000  0.000000  0.000000  0.000000  0.000000  63.000000  63.000000  63.000000  63.000000  63.000000  63.000000  63.000000  63.000000  63.000000  63.000000  63.000000  63.000000  63.000000  63.000000  63.000000  63.000000  63.000000  47.500000  32.000000  32.000000  29.416667  16.500000  1.000000  1.000000  1.000000  1.000000  1.000000  1.000000  1.000000  1.000000  1.000000  1.000000  1.000000  1.000000  1.000000  1.000000  
1.000000  1.000000  1.000000  1.000000  1.000000  1.000000  1.000000  1.000000  0.000000  0.000000  0.000000  0.000000  0.000000  63.000000  63.000000  63.000000  63.000000  63.000000  63.000000  63.000000  63.000000  63.000000  63.000000  63.000000  63.000000  63.000000  63.000000  63.000000  63.000000  63.000000  63.000000  55.250000  32.000000  32.000000  19.083333  16.500000  1.000000  1.000000  1.000000  1.000000  1.000000  1.000000  1.000000  1.000000  1.000000  1.000000  1.000000  1.000000  1.000000  1.000000  
1.000000  1.000000  1.000000  1.000000  1.000000  1.000000  1.000000  1.000000  0.000000  0.000000  0.000000  0.000000  63.000000  63.000000  63.000000  63.000000  63.000000  63.000000  63.000000  63.000000  63.000000  63.000000  63.000000  63.000000  63.000000  63.000000  63.000000  63.000000  63.000000  63.000000  63.000000  55.250000  32.000000  32.000000  8.750000  16.500000  1.000000  1.000000  1.000000  1.000000  1.000000  1.000000  1.000000  1.000000  1.000000  1.000000  1.000000  1.000000  1.000000  1.000000  
1.000000  1.000000  1.000000  1.000000  1.000000  1.000000  1.000000  1.000000  0.000000  0.000000  0.000000  0.000000  63.000000  63.000000  63.000000  63.000000  63.000000  63.000000  63.000000  63.000000  63.000000  63.000000  63.000000  63.000000  63.000000  63.000000  63.000000  63.000000  63.000000  63.000000  63.000000  55.250000  32.000000  1.000000  1.000000  1.000000  1.000000  1.000000  1.000000  1.000000  1.000000  1.000000  1.000000  1.000000  1.000000  1.000000  1.000000  1.000000  1.000000  1.000000  
1.000000  1.000000  1.000000  1.000000  1.000000  1.000000  1.000000  0.000000  0.000000  0.000000  0.000000  0.000000  63.000000  63.000000  63.000000  63.000000  63.000000  63.000000  63.000000  63.000000  63.000000  63.000000  63.000000  63.000000  63.000000  63.000000  63.000000  63.000000  63.000000  63.000000  63.000000  55.250000  32.000000  1.000000  1.000000  1.000000  1.000000  1.000000  1.000000  1.000000  1.000000  1.000000  1.000000  1.000000  1.000000  1.000000  1.000000  1.000000  1.000000  1.000000  
1.000000  1.000000  1.000000  1.000000  1.000000  1.000000  1.000000  1.000000  0.000000  0.000000  0.000000  0.000000  63.000000  63.000000  63.000000  63.000000  63.000000  63.000000  63.000000  63.000000  63.000000  63.000000  63.000000  63.000000  63.000000  63.000000  63.000000  63.000000  63.000000  63.000000  63.000000  1.000000  1.000000  1.000000  1.000000  1.000000  1.000000  1.000000  1.000000  1.000000  1.000000  1.000000  1.000000  1.000000  1.000000  1.000000  1.000000  1.000000  1.000000  1.000000  
1.000000  1.000000  1.000000  1.000000  1.000000  0.000000  1.000000  0.000000  0.000000  0.000000  0.000000  0.000000  63.000000  63.000000  63.000000  63.000000  63.000000  63.000000  63.000000  63.000000  63.000000  63.000000  63.000000  63.000000  63.000000  63.000000  63.000000  63.000000  63.000000  63.000000  63.000000  1.000000  1.000000  1.000000  1.000000  1.000000  1.000000  1.000000  1.000000  1.000000  1.000000  1.000000  1.000000  1.000000  1.000000  1.000000  1.000000  1.000000  1.000000  1.000000  
1.000000  1.000000  1.000000  1.000000  1.000000  0.000000  0.000000  0.000000  0.000000  0.000000  0.000000  0.000000  0.000000  0.000000  0.000000  63.000000  63.000000  63.000000  63.000000  63.000000  63.000000  63.000000  63.000000  63.000000  63.000000  63.000000  63.000000  63.000000  63.000000  63.000000  63.000000  1.000000  1.000000  1.000000  1.000000  1.000000  1.000000  1.000000  1.000000  1.000000  1.000000  1.000000  1.000000  1.000000  1.000000  1.000000  1.000000  1.000000  1.000000  1.000000  
1.000000  1.000000  1.000000  1.000000  1.000000  1.000000  1.000000  1.000000  0.000000  0.000000  0.000000  0.000000  0.000000  0.000000  0.000000  0.000000  0.000000  42.000000  63.000000  21.000000  21.000000  42.000000  63.000000  34.125000  31.500000  42.000000  63.000000  63.000000  63.000000  63.000000  21.000000  21.000000  11.000000  1.000000  1.000000  1.000000  1.000000  1.000000  1.000000  1.000000  1.000000  1.000000  1.000000  1.000000  1.000000  1.000000  1.000000  1.000000  1.000000  1.000000  
1.000000  1.000000  1.000000  1.000000  1.000000  1.000000  1.000000  1.000000  0.000000  0.000000  0.000000  0.000000  0.000000  0.000000  0.000000  21.000000  21.000000  21.000000  21.000000  21.000000  21.000000  21.000000  21.000000  21.000000  21.000000  21.000000  21.000000  42.000000  21.000000  21.000000  21.000000  21.000000  21.000000  21.000000  1.000000  1.000000  1.000000  1.000000  1.000000  1.000000  1.000000  1.000000  1.000000  1.000000  1.000000  1.000000  1.000000  1.000000  1.000000  1.000000  
1.000000  1.000000  1.000000  1.000000  1.000000  1.000000  1.000000  1.000000  1.000000  0.000000  0.000000  0.000000  0.000000  0.000000  0.000000  21.000000  21.000000  21.000000  21.000000  21.000000  21.000000  21.000000  21.000000  21.000000  21.000000  21.000000  21.000000  21.000000  21.000000  21.000000  21.000000  21.000000  21.000000  21.000000  1.000000  1.000000  1.000000  1.000000  1.000000  1.000000  1.000000  1.000000  1.000000  1.000000  1.000000  1.000000  1.000000  1.000000  1.000000  1.000000  
1.000000  1.000000  1.000000  1.000000  1.000000  1.000000  1.000000  1.000000  1.000000  0.000000  0.000000  0.000000  0.000000  0.000000  0.000000  21.000000  21.000000  21.000000  21.000000  21.000000  21.000000  21.000000  21.000000  21.000000  21.000000  21.000000  21.000000  21.000000  21.000000  21.000000  21.000000  21.000000  21.000000  21.000000  1.000000  1.000000  6.000000  1.000000  1.000000  1.000000  1.000000  1.000000  1.000000  1.000000  1.000000  1.000000  1.000000  1.000000  1.000000  1.000000  
1.000000  1.000000  1.000000  1.000000  1.000000  1.000000  1.000000  1.000000  0.000000  0.000000  0.000000  0.000000  0.000000  0.000000  21.000000  21.000000  21.000000  21.000000  21.000000  21.000000  21.000000  21.000000  21.000000  21.000000  21.000000  21.000000  21.000000  21.000000  21.000000  21.000000  21.000000  21.000000  21.000000  21.000000  21.000000  21.000000  21.000000  1.000000  1.000000  1.000000  1.000000  1.000000  1.000000  1.000000  1.000000  1.000000  1.000000  1.000000  1.000000  1.000000  
1.000000  1.000000  1.000000  1.000000  1.000000  1.000000  1.000000  1.000000  0.000000  0.000000  0.000000  0.000000  0.000000  0.000000  0.000000  0.000000  21.000000  21.000000  21.000000  21.000000  21.000000  21.000000  21.000000  21.000000  21.000000  21.000000  21.000000  21.000000  21.000000  21.000000  21.000000  21.000000  21.000000  21.000000  21.000000  21.000000  21.000000  21.000000  21.000000  1.000000  1.000000  1.000000  1.000000  1.000000  1.000000  1.000000  1.000000  1.000000  1.000000  1.000000  
1.000000  1.000000  1.000000  1.000000  1.000000  1.000000  1.000000  0.000000  0.000000  0.000000  0.000000  0.000000  0.000000  0.000000  0.000000  0.000000  21.000000  21.000000  21.000000  21.000000  21.000000  21.000000  21.000000  21.000000  21.000000  21.000000  21.000000  21.000000  21.000000  21.000000  21.000000  21.000000  21.000000  21.000000  21.000000  21.000000  21.000000  21.000000  21.000000  11.000000  1.000000  1.000000  1.000000  1.000000  1.000000  1.000000  1.000000  1.000000  1.000000  1.000000  
1.000000  1.000000  1.000000  1.000000  1.000000  1.000000  1.000000  1.000000  0.000000  0.000000  0.000000  0.000000  0.000000  0.000000  0.000000  0.000000  0.000000  21.000000  21.000000  21.000000  21.000000  21.000000  21.000000  21.000000  21.000000  21.000000  21.000000  21.000000  21.000000  21.000000  21.000000  21.000000  21.000000  21.000000  21.000000  21.000000  21.000000  21.000000  17.666667  11.000000  6.000000  1.000000  1.000000  1.000000  1.000000  1.000000  1.000000  1.000000  1.000000  1.000000  
1.000000  1.000000  1.000000  1.000000  1.000000  1.000000  1.000000  1.000000  0.000000  0.000000  0.000000  0.000000  0.000000  0.000000  0.000000  0.000000  21.000000  21.000000  21.000000  21.000000  21.000000  21.000000  21.000000  21.000000  21.000000  21.000000  21.000000  21.000000  21.000000  21.000000  21.000000  21.000000  21.000000  21.000000  21.000000  21.000000  21.000000  21.000000  21.000000  14.750000  6.000000  1.000000  1.000000  1.000000  1.000000  1.000000  1.000000  1.000000  1.000000  1.000000  
