0    1    2    3    4    5    6    7    8    9    10    11    12    13    14    15
16    17    18    19    20    21    22    23    24    25    26    27    28    29    30    31
32    33    34    35    36    37    38    39    40    41    42    43    44    45    46    47
48    49    50    51    52    53    54    55    56    57    58    59    60    61    62    63
64    65    66    67    68    69    70    71    72    73    74    75    76    77    78    79
80    81    82    83    84    85    86    87    88    89    90    91    92    93    94    95
96    97    98    99    100    101    102    103    104    105    106    107    108    109    110    111
112    113    114    115    116    117    118    119    120    121    122    123    124    125    126    127
0 112 16 15 127 31 1 113 17 
1 113 17 0 112 16 2 114 18 
2 114 18 1 113 17 3 115 19 
3 115 19 2 114 18 4 116 20 
4 116 20 3 115 19 5 117 21 
5 117 21 4 116 20 6 118 22 
6 118 22 5 117 21 7 119 23 
7 119 23 6 118 22 8 120 24 
8 120 24 7 119 23 9 121 25 
9 121 25 8 120 24 10 122 26 
10 122 26 9 121 25 11 123 27 
11 123 27 10 122 26 12 124 28 
12 124 28 11 123 27 13 125 29 
13 125 29 12 124 28 14 126 30 
14 126 30 13 125 29 15 127 31 
15 127 31 14 126 30 0 112 16 
16 0 32 31 15 47 17 1 33 
17 1 33 16 0 32 18 2 34 
18 2 34 17 1 33 19 3 35 
19 3 35 18 2 34 20 4 36 
20 4 36 19 3 35 21 5 37 
21 5 37 20 4 36 22 6 38 
22 6 38 21 5 37 23 7 39 
23 7 39 22 6 38 24 8 40 
24 8 40 23 7 39 25 9 41 
25 9 41 24 8 40 26 10 42 
26 10 42 25 9 41 27 11 43 
27 11 43 26 10 42 28 12 44 
28 12 44 27 11 43 29 13 45 
29 13 45 28 12 44 30 14 46 
30 14 46 29 13 45 31 15 47 
31 15 47 30 14 46 16 0 32 
32 16 48 47 31 63 33 17 49 
33 17 49 32 16 48 34 18 50 
34 18 50 33 17 49 35 19 51 
35 19 51 34 18 50 36 20 52 
36 20 52 35 19 51 37 21 53 
37 21 53 36 20 52 38 22 54 
38 22 54 37 21 53 39 23 55 
39 23 55 38 22 54 40 24 56 
40 24 56 39 23 55 41 25 57 
41 25 57 40 24 56 42 26 58 
42 26 58 41 25 57 43 27 59 
43 27 59 42 26 58 44 28 60 
44 28 60 43 27 59 45 29 61 
45 29 61 44 28 60 46 30 62 
46 30 62 45 29 61 47 31 63 
47 31 63 46 30 62 32 16 48 
48 32 64 63 47 79 49 33 65 
49 33 65 48 32 64 50 34 66 
50 34 66 49 33 65 51 35 67 
51 35 67 50 34 66 52 36 68 
52 36 68 51 35 67 53 37 69 
53 37 69 52 36 68 54 38 70 
54 38 70 53 37 69 55 39 71 
55 39 71 54 38 70 56 40 72 
56 40 72 55 39 71 57 41 73 
57 41 73 56 40 72 58 42 74 
58 42 74 57 41 73 59 43 75 
59 43 75 58 42 74 60 44 76 
60 44 76 59 43 75 61 45 77 
61 45 77 60 44 76 62 46 78 
62 46 78 61 45 77 63 47 79 
63 47 79 62 46 78 48 32 64 
64 48 80 79 63 95 65 49 81 
65 49 81 64 48 80 66 50 82 
66 50 82 65 49 81 67 51 83 
67 51 83 66 50 82 68 52 84 
68 52 84 67 51 83 69 53 85 
69 53 85 68 52 84 70 54 86 
70 54 86 69 53 85 71 55 87 
71 55 87 70 54 86 72 56 88 
72 56 88 71 55 87 73 57 89 
73 57 89 72 56 88 74 58 90 
74 58 90 73 57 89 75 59 91 
75 59 91 74 58 90 76 60 92 
76 60 92 75 59 91 77 61 93 
77 61 93 76 60 92 78 62 94 
78 62 94 77 61 93 79 63 95 
79 63 95 78 62 94 64 48 80 
80 64 96 95 79 111 81 65 97 
81 65 97 80 64 96 82 66 98 
82 66 98 81 65 97 83 67 99 
83 67 99 82 66 98 84 68 100 
84 68 100 83 67 99 85 69 101 
85 69 101 84 68 100 86 70 102 
86 70 102 85 69 101 87 71 103 
87 71 103 86 70 102 88 72 104 
88 72 104 87 71 103 89 73 105 
89 73 105 88 72 104 90 74 106 
90 74 106 89 73 105 91 75 107 
91 75 107 90 74 106 92 76 108 
92 76 108 91 75 107 93 77 109 
93 77 109 92 76 108 94 78 110 
94 78 110 93 77 109 95 79 111 
95 79 111 94 78 110 80 64 96 
96 80 112 111 95 127 97 81 113 
97 81 113 96 80 112 98 82 114 
98 82 114 97 81 113 99 83 115 
99 83 115 98 82 114 100 84 116 
100 84 116 99 83 115 101 85 117 
101 85 117 100 84 116 102 86 118 
102 86 118 101 85 117 103 87 119 
103 87 119 102 86 118 104 88 120 
104 88 120 103 87 119 105 89 121 
105 89 121 104 88 120 106 90 122 
106 90 122 105 89 121 107 91 123 
107 91 123 106 90 122 108 92 124 
108 92 124 107 91 123 109 93 125 
109 93 125 108 92 124 110 94 126 
110 94 126 109 93 125 111 95 127 
111 95 127 110 94 126 96 80 112 
112 96 0 127 111 15 113 97 1 
113 97 1 112 96 0 114 98 2 
114 98 2 113 97 1 115 99 3 
115 99 3 114 98 2 116 100 4 
116 100 4 115 99 3 117 101 5 
117 101 5 116 100 4 118 102 6 
118 102 6 117 101 5 119 103 7 
119 103 7 118 102 6 120 104 8 
120 104 8 119 103 7 121 105 9 
121 105 9 120 104 8 122 106 10 
122 106 10 121 105 9 123 107 11 
123 107 11 122 106 10 124 108 12 
124 108 12 123 107 11 125 109 13 
125 109 13 124 108 12 126 110 14 
126 110 14 125 109 13 127 111 15 
127 111 15 126 110 14 112 96 0 
SONO QUI AL PASSO 1

